初期値
alpha = 0.052532
v[0][0] = 0.921006
v[0][1] = -0.653518
v[0][2] = -0.679311
v[1][0] = 0.817634
v[1][1] = -0.405443
v[1][2] = 0.013433
w[0][0] = 0.764128  w[0][1] = -0.303625  w[0][2] = -0.023979
w[0][0] = 0.764128  w[0][1] = -0.303625  w[0][2] = 0.016162
success


再計算後の値
y = 0.000000
y = 1.000000
y = 1.000000
y = 0.000000
result_error = 0.000000
w[0][0] = 0.764128  w[0][1] = -0.303625  w[0][2] = 0.016162
